2.4228714285714323
2.50257142857143
2.276628571428572
2.2850999999999995
2.1275428571428567
2.3830214285714306
2.5251571428571413
2.3986999999999985
2.419585714285715
2.300757142857143
2.2802785714285716
2.2115999999999985
2.393342857142856
2.9355857142857147
2.2680285714285735
2.590835714285712
2.3276500000000007
2.59305714285714
2.478728571428574
1.8920928571428595
2.527957142857147
2.4498642857142863
2.128707142857143
2.598807142857147
2.404285714285713
2.5459285714285724
2.441649999999997
2.1309357142857146
2.1529357142857157
2.366721428571431
2.4721571428571436
2.269535714285716
2.2482357142857143
2.210164285714285
2.233949999999998
2.495085714285711
2.366971428571429
3.221742857142857
3.0202285714285764
2.20445714285714
2.2910428571428603
2.324450000000001
2.41003571428571
2.75454285714286
2.6713928571428562
2.4829428571428585
2.3989285714285735
2.295649999999998
2.5798571428571426
2.797607142857145
2.4421571428571434
-7.255107142857133
-4.337585714285717
-4.34207857142857
2.3287785714285674
-6.226328571428564
2.5956857142857155
2.008871428571429
-4.477421428571428
2.290414285714287
-6.984199999999991
-4.23805
-4.5497928571428545
3.02598571428572
3.1402142857142903
-4.510035714285716
-5.5971642857142765
-5.853564285714281
-5.743378571428569
2.7689071428571417
2.380407142857144
-5.813935714285718
-5.720464285714288
-5.8040071428571425
2.919285714285719
2.0858142857142856
-5.891421428571423
2.259942857142856
-5.685650000000003
-5.874657142857144
-5.987799999999992
-5.771271428571428
2.1883857142857157
-4.5333357142857125
-4.161807142857142
-5.831685714285712
-5.947785714285707
2.517728571428574
-5.8291142857142875
-5.714035714285722
3.0659285714285707
2.458642857142857
2.1519642857142833
2.7138214285714275
2.2292499999999995
2.7898428571428613
2.4637000000000007
2.2858714285714283
2.9599214285714326
2.5589785714285695
2.3415500000000025
-5.8295214285714225
2.6105428571428577
2.9200214285714337
3.012800000000002
-5.718764285714287
2.636557142857142
2.8944071428571405
-5.783064285714283
3.0031142857142856
-5.680242857142862
2.323457142857142
2.5902357142857166
-5.762828571428571
3.300771428571434
-5.585271428571438
3.0312642857142875
2.994164285714289
2.5984714285714285
-5.823671428571428
2.6909785714285768
-5.799750000000003
2.928071428571426
2.9984714285714333
-5.714257142857137
2.6425500000000026
-5.71835
3.2322357142857183
-5.809885714285708
2.6568500000000035
3.022435714285713
3.073021428571433
2.4595785714285703
-5.815135714285702
3.1531285714285744
2.536542857142858
2.761114285714288
3.991499999999997
-5.497585714285713
-5.48269285714286
2.2597714285714314
3.1662928571428615
3.1573928571428618
2.9470642857142852
2.935321428571434
2.7958785714285717
2.8814571428571454
2.9518785714285767
3.021335714285719
2.978114285714287
2.5182714285714307
-5.493449999999996
3.148664285714285
2.5077714285714285
2.843264285714287
-5.539935714285713
3.2325642857142878
2.9963071428571464
-5.603985714285713
3.0712785714285746
-5.790892857142862
3.644857142857143
2.9451142857142885
-5.540428571428573
2.904128571428572
-5.719500000000006
3.097585714285714
3.175121428571432
3.435857142857138
-5.712385714285712
2.9727428571428596
-5.755285714285718
2.3583428571428597
3.1455428571428627
-5.745771428571424
3.1279642857142886
-5.808192857142856
3.1756285714285766
-5.672042857142859
3.145571428571435
3.2835000000000014
2.861642857142861
2.8534285714285748
-5.467542857142867
3.1690071428571494
2.967714285714287
3.5950785714285693
3.207935714285719
-5.673142857142852
-5.883392857142847
3.238342857142862
2.898150000000002
2.7635642857142866
3.078235714285717
3.317364285714286
3.114292857142862
3.0099142857142898
3.111928571428576
3.120914285714289
3.981557142857147
2.172035714285711
-5.8798571428571424
-5.695492857142862
-5.66308571428572
3.470750000000002
-5.752528571428573
3.1207000000000042
3.0233928571428588
-5.442128571428567
3.6407428571428557
-5.488107142857148
-5.602228571428568
-5.7711785714285755
2.779957142857144
3.1327285714285753
-4.597892857142858
-5.464321428571429
-5.740442857142859
-5.623435714285718
3.480514285714283
3.337950000000003
-5.411407142857146
-5.662235714285721
-5.434514285714287
3.131485714285716
3.15284285714286
-5.741385714285721
3.42820714285715
-5.807964285714288
-5.808614285714284
-5.863178571428573
-5.314071428571428
3.0094214285714327
-6.389414285714275
-5.64129999999999
-5.230507142857144
3.5000857142857162
3.341349999999999
-5.588764285714289
-5.158235714285714
3.8237428571428542
3.6317428571428563
3.517628571428573
3.4242500000000025
3.0329142857142903
3.2233857142857154
3.326085714285714
3.709235714285714
3.217142857142861
2.9962000000000035
3.1501857142857164
3.3665785714285734
3.4343928571428544
-5.668092857142857
3.3607071428571422
-5.705235714285716
3.7994500000000055
3.5976857142857153
-5.137435714285712
2.7518142857142855
-5.260535714285708
-5.471278571428575
3.775828571428572
3.3833928571428618
3.4188857142857136
-5.293928571428573
3.861657142857141
3.3764642857142846
3.3017500000000033
3.5504428571428592
3.139364285714288
-5.438621428571432
-5.56965
3.3308571428571403
3.413335714285715
3.5421714285714336
-5.3733357142857106
2.880600000000005
3.1006500000000017
3.2839500000000004
3.6201642857142886
-5.373921428571425
3.952971428571429
-5.61610714285715
3.750942857142862
3.37275
3.3479285714285703
3.222871428571429
-4.597957142857142
-5.475478571428565
3.3943285714285714
3.6175785714285706
3.09438571428571
3.400542857142859
3.695778571428573
3.3114142857142865
4.1073142857142875
3.3268714285714296
3.6936571428571434
3.4804
4.0892642857142905
3.723635714285718
3.7138928571428624
-5.148028571428573
3.5176428571428615
-5.181664285714284
3.581207142857144
3.327857142857143
-5.7635357142857115
3.649642857142858
-5.586885714285723
3.8793928571428573
-5.845542857142852
3.629464285714289
3.706135714285716
-5.669935714285722
3.669700000000002
3.7427785714285724
4.158921428571426
3.6075928571428637
3.378635714285714
-5.544735714285714
3.9355928571428542
-5.435921428571433
3.7970214285714317
3.5738071428571394
-5.466185714285719
3.4043928571428563
4.223528571428571
3.627735714285721
3.8928071428571385
-5.469142857142859
3.541935714285719
-5.525057142857135
3.439378571428576
3.9476285714285746
3.8381214285714287
3.4701571428571443
3.797978571428578
3.7285285714285723
3.8667000000000016
3.634142857142864
4.3064999999999936
4.396578571428576
3.332792857142858
3.625171428571434
3.8368714285714254
3.7163142857142897
3.807864285714288
3.7205285714285674
3.6363357142857105
-5.716449999999999
-5.516578571428576
-5.470950000000002
3.6899857142857124
-5.53155
-5.645085714285716
-5.362878571428571
-5.437042857142856
3.6891285714285766
-5.686514285714285
4.147442857142856
3.62468571428571
-5.443949999999996
3.600664285714284
-5.399764285714286
4.139207142857141
3.689178571428574
4.036385714285716
3.712421428571424
4.0831571428571465
-5.293907142857138
3.963064285714286
3.757785714285713
-5.180728571428569
3.601192857142857
-5.340928571428573
3.937014285714291
-5.528614285714283
-5.342064285714286
-5.473892857142852
-5.511735714285719
3.6824500000000007
-5.348085714285716
-5.646785714285712
-5.404278571428569
-5.520642857142856
3.7429142857142836
-5.33745
-5.4146071428571405
4.041885714285716
3.6931357142857144
4.007678571428574
3.788428571428574
3.710957142857146
3.6500642857142798
4.370357142857142
3.885585714285718
3.6886642857142857
3.9066357142857173
3.8325714285714323
3.942485714285718
4.640064285714285
3.8661928571428623
4.103485714285716
3.7129857142857094
4.191428571428577
4.519042857142859
3.9075285714285735
3.9672857142857247
4.218892857142857
4.279264285714291
4.035649999999996
4.8859785714285735
4.299728571428568
4.183171428571431
4.930707142857149
4.688214285714288
4.631507142857149
5.067849999999996
4.1437928571428575
5.375292857142857
4.864092857142861
4.430492857142858
5.121742857142859
4.462964285714284
4.7953
4.2651142857142865
4.453864285714286
5.482928571428569
5.097828571428575
5.701042857142855
5.289349999999999
5.565871428571429
4.7692071428571365
5.015100000000004
5.6012
6.5152
7.747128571428573
6.392714285714282
6.014864285714288
6.145214285714288
7.999028571428563
6.274478571428576
6.765164285714292
6.227985714285722
8.077149999999998
6.834171428571433
4.833950000000009
7.046171428571423
-0.3165357142857144
-0.29210714285714284
-0.4343500000000002
-0.23872142857142853
-4.503207142857144
-5.02821428571428
-1.0044000000000004
-1.1061214285714283
-0.04982142857142857
0.03189285714285714
0.07690714285714283
-0.0032000000000000036
-0.5692571428571427
-0.1302714285714285
-0.48149999999999965
-0.4480785714285714
-0.4946857142857147
-0.7408428571428578
-0.2460642857142857
-0.5955214285714286
-0.4760857142857141
-0.8036000000000001
-0.48231428571428564
-0.24892857142857144
-0.4917499999999996
-0.6802071428571426
-0.9479642857142867
0.7459571428571423
-0.41185000000000044
-0.015635714285714284
-0.8108357142857141
-0.22372142857142857
0.14349285714285717
-0.5088428571428569
-0.6322214285714287
-0.17630714285714277
-0.10818571428571432
-0.0936714285714285
-0.12089285714285707
-0.07049999999999998
-0.16918571428571405
0.21587142857142821
0.03685714285714281
-0.4070000000000003
0.09237142857142865
0.1158642857142858
-0.06319285714285713
-0.08563571428571436
0.00962857142857143
-0.020350000000000028
-0.8882714285714297
-0.6054499999999999
-0.16058571428571428
-0.17934285714285705
-5.088357142857139
-4.232471428571429
-4.263714285714291
-5.0589214285714235
-1.0730571428571438
-0.027642857142857163
0.007214285714285719
0.14348571428571427
-0.19055714285714284
-0.5004071428571423
-0.5928999999999996
-0.9923857142857139
-0.2419714285714287
-0.5085571428571433
-0.3695357142857142
-0.4773214285714286
0.057935714285714326
-0.2703642857142857
-0.03646428571428569
0.7337214285714279
-0.16398571428571432
-1.095235714285715
-0.01535714285714286
-0.3134142857142856
-0.5636285714285719
-0.9385928571428579
-0.22136428571428607
-0.2681285714285715
-0.7211142857142858
-0.5407714285714287
-0.6135999999999999
-0.05387142857142862
-0.7317071428571424
-0.44693571428571477
-0.10870714285714282
0.018842857142857144
-0.12340714285714281
0.11036428571428568
0.12196428571428573
0.10869999999999982
0.10372857142857138
0.7230428571428573
0.043592857142857155
0.07347142857142855
-0.03735
0.055600000000000115
-0.2253999999999998
-0.13793571428571424
-0.48900000000000016
0.30989285714285675
-5.487178571428578
-4.660442857142854
-4.722628571428568
0.06194999999999992
-0.013514285714285725
0.6289714285714284
-5.468142857142861
0.0681214285714285
0.06345714285714285
-0.08445714285714286
-0.6004857142857142
-0.8251785714285704
-0.08208571428571425
-0.49647142857142806
-0.05011428571428564
-0.4979499999999997
-0.2513999999999996
-0.06194285714285707
0.7229142857142852
-0.456585714285714
-0.4451428571428578
-0.32655714285714293
-0.04170714285714288
-0.4014928571428573
-0.4999857142857141
-0.0856857142857143
-0.020771428571428566
-0.6190357142857136
-0.33527142857142844
0.0774142857142856
-0.5159928571428569
-0.4569499999999996
-0.2513928571428573
-0.08483571428571428
-0.10840714285714285
-0.05006428571428568
-0.07539285714285705
0.05537857142857143
-0.14573571428571422
-0.033764285714285754
0.13035000000000002
0.059607142857142914
0.05390714285714287
-0.1520928571428571
-0.10602857142857151
0.06572142857142858
-0.2692785714285711
-0.4305999999999999
-0.0671142857142857
-0.5351642857142864
-4.209971428571427
-5.830200000000005
-4.942057142857138
0.05361428571428566
0.0009357142857142909
0.062192857142857126
0.05210000000000001
2.1696214285714293
-0.056749999999999995
-0.2697857142857141
-0.29107857142857113
-0.49537857142857106
0.028057142857142857
0.03817142857142858
-0.0032000000000000054
-0.20489285714285718
-0.6050000000000001
-0.847471428571429
-0.06422142857142854
-0.05877142857142856
0.056057142857142875
-0.2465142857142857
-0.5618928571428565
-0.19303571428571412
-0.6771357142857137
-0.38312857142857126
-0.7964357142857134
-0.34492857142857136
-0.548307142857143
-0.05947857142857146
0.09785714285714285
-0.3481785714285713
0.018778571428571412
0.01520714285714287
-0.4399071428571426
-0.04799999999999999
-0.05513571428571425
0.02657142857142854
0.0781428571428572
0.15032857142857153
0.1628071428571428
-0.005964285714285711
0.3026642857142856
-0.07893571428571425
0.14582857142857147
0.6959857142857133
-0.4571357142857145
-0.24674999999999986
-0.21265714285714266
0.14027142857142863
0.51715
-0.11693571428571425
-4.4979214285714315
2.3219642857142846
-0.09655000000000007
0.47479285714285685
0.2575857142857143
-0.046428571428571444
-0.032735714285714326
2.120742857142857
-0.3018714285714291
-0.6006857142857142
0.5227857142857142
-0.019249999999999986
-0.12426428571428563
-0.20547857142857157
-0.11531428571428563
0.01106428571428573
-0.21662142857142877
-0.061164285714285706
-1.0218714285714297
0.08324285714285704
-0.17709285714285708
0.09225714285714284
-1.0951428571428565
-0.24074999999999988
-0.23417142857142836
-0.4599071428571427
0.04380714285714285
-0.3048500000000001
0.1251714285714286
-0.025321428571428568
-0.047235714285714304
-0.15790714285714297
-0.1217214285714286
-0.7291571428571431
-1.4122928571428577
-1.4043642857142875
-1.2028071428571439
-1.6221357142857138
-0.31591428571428565
-1.144557142857143
-1.4192142857142862
-1.6575928571428566
-1.2488499999999987
-1.0717500000000013
0.07230714285714283
-0.38418571428571385
-0.011335714285714284
-0.014942857142857138
-0.01795714285714285
-0.18864999999999996
-5.4364214285714265
-3.1660285714285683
-0.18234285714285692
0.1296357142857143
-0.044535714285714324
-0.06992857142857142
0.0630214285714286
0.19508571428571425
-0.21453571428571416
-5.335514285714283
1.2112285714285707
-0.23663571428571423
0.0805214285714286
-0.04094999999999998
-0.40754285714285654
-0.06279285714285715
1.0198857142857152
-0.0967928571428571
0.13115714285714294
0.06005714285714289
0.02059999999999998
-0.11836428571428564
-0.06487142857142854
0.02547857142857143
-0.25164999999999993
-0.09093571428571422
-0.14777857142857131
0.027914285714285707
-0.44067142857142827
-0.19367142857142855
-0.43230714285714217
-0.24550000000000013
-0.11246428571428568
-0.21498571428571406
-1.286149999999999
-2.3116071428571425
-2.3156857142857135
-2.7778999999999994
-2.576678571428572
-2.077421428571428
-2.4449428571428564
-1.3158071428571434
-4.783014285714288
0.10322857142857148
-0.011478571428571423
-0.11620714285714272
-1.438607142857143
-0.022457142857142863
-0.2663785714285718
-0.043778571428571465
0.08775
-5.087614285714286
0.32987142857142865
0.23320000000000007
0.15663571428571416
0.12864285714285717
-0.07301428571428567
-0.4729214285714281
0.013607142857142856
-0.08353571428571442
-0.01966428571428572
-0.1034357142857142
0.0006857142857143149
-0.3223071428571429
0.15122857142857146
-0.3603142857142855
-0.0860714285714285
0.09390714285714288
2.1428571428571892e-05
0.005664285714285713
-1.231300000000001
-0.37793571428571465
-0.12800714285714282
-0.12723571428571423
0.17295000000000002
-0.20544999999999985
-0.05272142857142853
-0.04036428571428573
-0.282957142857143
-0.00298571428571427
0.6258499999999995
-0.2211357142857142
0.009528571428571426
0.00486428571428571
-1.398164285714286
-2.350828571428568
-1.5296428571428562
-1.8761357142857142
-1.795864285714286
-2.801849999999998
-5.716599999999993
2.8518000000000012
2.5587142857142853
0.19740714285714292
-0.4531785714285711
-0.030899999999999983
0.07789285714285711
-0.21438571428571446
0.022350000000000012
-0.08320714285714287
-0.2671999999999996
-1.5292214285714267
-0.13088571428571424
0.3753071428571427
0.1333214285714286
-0.009814285714285716
-0.12555000000000005
0.031107142857142854
0.43468571428571473
0.03178571428571426
-0.1361357142857142
0.04772857142857138
-5.100407142857139
-0.18486428571428568
0.31595714285714316
0.08702857142857151
-0.40642142857142805
-0.21055714285714267
-0.0982642857142857
-0.3947214285714282
-0.052728571428571416
-0.18800714285714265
0.12056428571428575
-0.4995999999999995
-0.17312857142857144
-0.00972857142857142
0.08142142857142866
0.4438142857142858
0.09054999999999991
0.4002285714285715
0.23648571428571435
-0.06895714285714288
0.2866285714285714
-0.6306785714285713
-2.34895
-1.8733
-1.913414285714286
-1.9900928571428556
-5.17850714285714
0.056985714285714265
2.101850000000001
0.02882857142857145
0.16228571428571434
0.16000000000000003
-0.47502142857142815
0.10773571428571414
-0.09907857142857138
0.22005714285714273
-0.0845428571428571
0.1441071428571429
-0.023200000000000002
0.15254999999999996
-5.222428571428572
-0.03385714285714288
0.10493571428571424
0.3150571428571428
0.03602142857142854
0.6699499999999996
0.3260142857142861
0.07050714285714288
0.22870000000000001
-0.07964999999999996
0.02222857142857143
-5.420314285714287
0.17812857142857164
-0.4164499999999997
0.06104285714285714
0.0472642857142857
-0.2761857142857142
0.2512928571428571
0.02794285714285711
-0.49934999999999946
0.045500000000000006
-0.010342857142857135
0.009892857142857174
0.051664285714285677
0.14892857142857138
-0.3360642857142857
0.19132857142857165
0.01570000000000001
0.0597
0.003671428571428581
0.1436071428571428
-0.11534999999999992
-1.3660500000000007
-2.4639071428571424
0.4479285714285707
0.1574571428571431
0.07094285714285714
0.03537857142857141
-0.07235714285714287
0.2857142857142857
-0.032235714285714284
0.27069285714285723
-0.14442142857142864
-0.8618285714285716
0.09252857142857152
-0.0404642857142857
0.0005714285714285745
-0.3721500000000003
-0.1786785714285712
-0.005957142857142872
-0.5961428571428568
0.09167857142857126
0.18651428571428574
-0.0035214285714285708
0.4016428571428574
-0.37997142857142796
1.1644928571428572
0.12387857142857153
-0.10690714285714273
-0.037907142857142875
0.1100285714285713
0.3357214285714286
2.061464285714287
-0.3235571428571425
-0.4890285714285711
-0.23657142857142846
-0.05943571428571423
0.11823571428571432
0.008778571428571427
0.09551428571428572
0.06492142857142859
-0.6773142857142852
-0.06995714285714281
-0.0630714285714286
-0.2819499999999999
-0.19199285714285705
0.10284285714285721
-0.22302857142857127
0.008600000000000007
-0.350542857142857
-0.034857142857142885
-3.0071857142857135
-0.05825714285714295
0.0787642857142857
-0.012150000000000001
0.050192857142857115
-0.03152857142857142
-0.0039357142857142785
-0.13899285714285717
0.6155214285714289
0.19703571428571418
0.43075000000000013
0.06556428571428574
0.10361428571428566
0.2368357142857145
-0.057985714285714265
0.09309285714285706
-0.3421071428571425
0.02849285714285716
-0.35860000000000064
-0.9200928571428558
-5.4837714285714325
2.2291785714285726
0.050949999999999954
0.042442857142857116
0.12937857142857148
0.09469285714285718
-0.1357499999999999
0.09557857142857158
-0.3821571428571427
0.029121428571428545
0.005592857142857148
-0.03774285714285714
2.1813857142857156
-0.1533
-0.15207142857142839
-0.08565000000000011
0.15072142857142848
-0.6580214285714288
-0.20951428571428604
1.0888214285714282
-1.170414285714284
-3.2749000000000024
-5.2287642857142815
-5.177064285714288
-5.366714285714286
-0.7919999999999999
-0.1710285714285713
-0.720157142857143
-0.9201571428571437
-0.036657142857142944
2.23585714285714
-0.014721428571428575
0.035907142857142804
0.16945000000000013
0.0022285714285714296
-0.011435714285714275
0.24065714285714307
-0.0367142857142857
-0.11972857142857135
0.06352142857142855
0.9907857142857156
-0.05997142857142861
-0.10407857142857141
-0.08429285714285711
0.15612142857142847
0.11333571428571428
-0.03742857142857138
-0.022485714285714276
-0.7983285714285719
-1.1058571428571407
-1.1825428571428573
2.252778571428571
0.4706071428571425
-0.09441428571428576
0.194457142857143
0.046742857142857114
-0.1256285714285714
0.26734285714285716
0.6101142857142858
0.5132714285714286
-0.2630285714285716
0.03140714285714283
0.0126642857142857
-0.07116428571428579
-0.1323
0.06969999999999996
0.11424285714285698
-0.1499928571428571
-0.09696428571428577
-0.1608785714285714
2.029849999999999
0.4905142857142861
2.268714285714286
2.3331357142857136
2.1863571428571444
0.5623928571428569
0.09452142857142866
0.25611428571428574
0.1900142857142855
0.07673571428571423
-0.029957142857142863
0.08729285714285703
0.1807285714285715
0.20311428571428586
-0.05827142857142858
-0.20432857142857117
0.8580714285714282
0.4500857142857145
0.12004999999999989
0.06530714285714283
0.6306285714285726
-1.2453428571428573
-0.37286428571428626
-0.10892857142857149
0.02579285714285715
-0.1759214285714285
-0.07825714285714287
-0.403492857142857
-0.8678428571428576
-1.5113000000000008
-1.5809214285714293
-1.2449571428571422
2.634542857142856
-0.06262142857142856
-0.011949999999999988
0.22976428571428562
-0.07167142857142857
-0.31580000000000036
0.5835928571428568
0.5544142857142855
0.5065928571428576
0.18724285714285693
0.10284285714285718
0.08575000000000003
0.02670714285714287
0.08739285714285719
0.01697857142857141
0.061021428571428595
0.20042142857142864
0.31212142857142855
0.016692857142857134
0.4081928571428576
0.00579285714285715
0.22483571428571408
0.5563999999999999
0.27779999999999966
0.10762857142857149
-0.20365714285714284
0.021478571428571402
0.07678571428571421
0.8061999999999995
0.38542857142857134
0.02722857142857144
-0.09679999999999996
-0.032707142857142865
-0.025649999999999996
0.40918571428571415
0.504492857142857
-0.07889285714285721
0.10968571428571412
0.06626428571428569
0.09359285714285712
0.02523571428571428
-0.013628571428571429
0.004028571428571425
0.10658571428571423
0.09825714285714279
-0.6149785714285716
-0.7420999999999994
-1.5493071428571434
-1.4618071428571426
-1.975528571428571
-5.34637142857143
0.31455714285714254
0.04528571428571425
0.09939999999999993
0.05844285714285703
0.6355928571428572
0.5551142857142858
0.4035714285714283
0.08022142857142851
0.38853571428571426
0.6372571428571426
0.37861428571428585
-0.07260714285714288
0.21247857142857152
0.0163
0.128507142857143
0.14894285714285724
0.08160714285714278
-0.03769999999999999
0.8939642857142859
0.26524285714285717
0.11919999999999999
-0.013928571428571445
0.12089285714285702
0.40643571428571446
0.03626428571428568
0.25426428571428583
0.6399642857142857
0.706978571428571
0.03567857142857146
0.1498285714285715
0.5712928571428578
0.41118571428571454
0.4461857142857135
-0.08334285714285711
-0.03244285714285713
0.0673142857142857
0.9413285714285704
0.10858571428571429
-1.142971428571428
-0.6520142857142858
-1.0534714285714288
-1.0573642857142866
-0.5534214285714286
-1.1125642857142855
-1.4744714285714275
-1.3160928571428576
-2.2441999999999998
-1.772464285714287
-1.6977357142857132
-2.615778571428573
-5.323935714285722
3.643992857142855
-0.1710714285714284
0.025064285714285678
0.2930642857142858
0.34865000000000024
0.2743857142857144
0.7986928571428578
0.21029285714285706
-0.09724285714285708
1.0919571428571437
0.21421428571428613
0.044442857142857096
0.4837214285714284
0.3289928571428573
-0.004507142857142853
0.16225714285714282
0.2651857142857144
0.6131000000000001
0.7365714285714292
0.014657142857142863
0.15146428571428583
0.7643714285714288
0.6538642857142865
0.5181285714285715
0.1190357142857142
-0.46232857142857164
0.6192285714285722
-0.06802142857142854
0.3510214285714286
0.8701928571428568
-0.09209285714285717
0.3431785714285715
0.5355785714285713
-0.34892142857142816
0.34455714285714256
0.5746000000000002
2.1825785714285715
-1.5240785714285723
-1.2430642857142864
-1.3883928571428565
-1.659771428571429
-1.6410999999999962
-1.4326642857142864
-1.4535785714285712
-1.6766857142857117
-1.392521428571428
-1.5920142857142854
-2.649278571428572
-2.726300000000001
-4.640964285714289
-5.3401285714285684
0.14487857142857152
0.5045428571428567
-5.088292857142851
2.089414285714286
0.023342857142857137
0.06343571428571429
0.5229642857142857
0.3966857142857145
0.6099285714285715
0.13242857142857153
0.719021428571429
0.3634928571428573
0.7164928571428562
-0.05593571428571431
0.7485785714285712
-0.052192857142857145
0.47996428571428534
0.2766214285714286
0.7715714285714269
0.6707785714285714
0.29367857142857134
0.18845000000000003
0.49862857142857137
0.47156428571428544
0.7365499999999997
0.9234642857142851
0.4637571428571431
0.2361000000000003
0.4913785714285714
0.12275714285714283
0.7118500000000006
0.021864285714285732
2.1536642857142834
0.6286928571428568
2.1731357142857135
-0.006328571428571434
-2.8984785714285715
-3.294014285714287
-2.3782499999999973
-3.626728571428573
-3.1995000000000013
-2.6894714285714296
-2.5682571428571412
-2.142542857142856
-1.9025999999999994
-2.2459071428571424
-2.5529428571428556
-2.2666285714285714
-3.8118714285714272
-4.963621428571431
-5.341835714285711
-5.388214285714288
-0.0773714285714286
1.4013071428571435
0.2158785714285713
0.843457142857142
0.6926357142857157
-0.23984285714285702
0.7202571428571426
0.8671071428571439
0.6936928571428578
0.5536714285714289
0.16073571428571426
0.24307857142857156
1.0717357142857138
1.0833642857142856
0.6519500000000005
0.12077857142857153
0.5426857142857145
-0.012150000000000011
0.09428571428571444
1.207292857142856
-0.21452142857142872
0.9852357142857149
0.5434571428571425
0.0015000000000000002
0.6563428571428574
0.7916285714285719
0.1521642857142862
-0.15607142857142853
0.7123000000000002
1.0431785714285722
1.2075999999999998
-0.07584285714285713
0.01237142857142855
0.14676428571428557
-4.2394071428571465
-4.4030857142857185
-4.737642857142856
-4.608514285714284
-5.088435714285714
-4.732971428571426
-3.6698857142857135
-3.225607142857142
-1.941900000000002
-1.3491214285714297
-2.009107142857141
-1.8303571428571428
-3.4914500000000026
-3.6097571428571507
-4.994757142857143
0.32230714285714307
0.5287714285714286
0.42756428571428556
0.6523642857142854
-0.09461428571428566
0.19847857142857164
0.4496000000000003
0.8065785714285709
0.7920785714285712
0.8460285714285719
0.687392857142858
0.38580714285714324
0.5878000000000009
0.513007142857143
0.6433857142857144
2.3432571428571416
0.3096000000000001
0.9906142857142853
0.6719214285714282
0.5108928571428569
1.5540857142857178
1.117528571428571
0.876521428571428
0.47812857142857174
0.7667000000000004
0.44181428571428494
0.7390571428571429
0.42430000000000023
0.6195071428571433
2.2482571428571427
0.8715285714285712
-5.091714285714281
0.1582857142857144
-0.07757142857142858
-0.053228571428571445
-4.860935714285709
-4.96945714285714
-4.826271428571427
-4.5440714285714305
-5.166892857142859
-4.72085714285714
-4.669699999999997
-3.0713714285714295
-1.9387999999999996
-1.559264285714283
-2.3167285714285706
-2.433814285714285
-2.299514285714286
-3.3195357142857143
-2.1587000000000014
0.44348571428571426
0.832992857142857
1.3531785714285731
0.15477857142857143
0.8188285714285711
1.7891357142857118
0.45369285714285745
0.8871571428571422
1.046521428571429
0.6926000000000009
0.13821428571428576
0.2706500000000003
0.9978642857142869
1.1144785714285714
0.9823428571428569
1.1297714285714298
1.0949714285714294
0.8015285714285719
-0.18689285714285747
1.1299714285714275
1.0938428571428562
0.29510714285714285
0.9324928571428572
0.8087714285714279
0.5538571428571425
0.8777571428571438
0.8096142857142861
0.8984785714285719
0.6033357142857136
0.71285
-5.225792857142857
-0.5620357142857147
-0.060478571428571416
0.04959285714285717
-0.16216428571428568
-4.896714285714282
-4.894771428571425
-5.173764285714287
-5.354171428571422
-5.269635714285709
-5.146471428571427
-4.8926357142857135
-4.461292857142861
-2.6629428571428515
-1.626107142857142
-1.1666428571428569
-1.654650000000001
-1.7599857142857158
-1.65215
-0.27224285714285695
1.2841999999999996
0.9432857142857143
0.7485642857142858
0.5500357142857141
1.3862642857142875
0.8510000000000008
-0.10339999999999994
0.8811142857142842
0.4877999999999999
0.6642571428571428
1.0245142857142866
1.1474357142857154
0.9918499999999997
0.3700285714285717
0.4137857142857143
0.8778571428571433
0.6008142857142852
1.000628571428571
0.9506642857142866
1.2657000000000016
0.8324499999999989
0.71655
1.2661071428571418
0.49442857142857144
1.0792928571428564
0.2915285714285718
0.5387928571428571
0.30155000000000015
1.1811000000000018
1.1297571428571425
0.9283642857142843
-0.5562571428571431
-0.23307857142857144
-0.05278571428571432
0.11942857142857131
-5.182749999999998
-4.976849999999999
-5.265007142857139
-4.9778214285714215
-5.025342857142854
-5.033449999999993
-4.547264285714287
-4.741649999999997
-2.380871428571428
-1.2860428571428575
-1.2177999999999982
-1.190864285714286
-1.4250285714285718
-5.100664285714288
0.839664285714286
0.9193142857142854
1.2371285714285716
1.008264285714285
1.0407357142857148
-5.02826428571428
0.27937142857142866
-4.148550000000001
0.37313571428571435
0.8727714285714292
0.7775214285714285
1.0791500000000003
0.7073500000000006
1.1372714285714296
1.4203428571428582
0.7583285714285711
1.1086500000000006
0.6070214285714283
1.3164285714285728
0.9559857142857144
0.48777142857142824
0.44620714285714275
0.050400000000000035
-5.055807142857141
-5.564514285714289
0.9093142857142859
1.167285714285714
1.0038000000000014
3.898535714285713
1.0159928571428567
0.5839285714285715
1.1411000000000007
-5.348000000000005
-0.17366428571428547
-0.27074999999999977
-0.015678571428571424
-5.447221428571423
-4.8003142857142835
-5.60864285714285
-5.223442857142852
-5.217192857142854
-4.949728571428567
-4.806607142857137
-5.00302142857142
-3.15724285714286
-2.331728571428571
-1.0335357142857131
-1.3602928571428583
-1.2580571428571414
2.542385714285715
1.0594928571428575
0.804607142857143
0.6863857142857139
0.5285857142857142
1.815685714285713
0.03717142857142861
2.916149999999995
-4.408207142857146
-4.681049999999997
2.076500000000002
0.41097857142857164
0.9807500000000005
0.9755285714285723
0.5156714285714287
1.0760928571428565
1.3536571428571458
1.1579214285714283
1.3986071428571432
2.2793999999999985
0.9912500000000004
0.8464214285714279
-5.234792857142857
2.286500000000001
2.0838142857142854
-3.9520999999999975
1.2600857142857145
1.082928571428571
1.000171428571429
1.7385714285714307
1.0096214285714293
0.9073357142857134
0.925807142857142
0.4507857142857145
-0.057292857142857145
-0.6174642857142856
-1.0414428571428576
-5.0126714285714264
-5.232614285714284
-5.347071428571429
-5.51516428571429
-5.348735714285716
-4.985835714285716
-5.116564285714286
-5.136764285714284
-3.7972214285714294
-1.7492499999999986
-1.2225571428571431
-1.030507142857143
-0.9289214285714288
0.6721571428571431
1.1756285714285708
0.9367999999999999
0.9906071428571429
0.6852285714285715
1.0366285714285706
-3.043035714285713
-4.603107142857143
-4.934814285714287
-5.33415714285714
2.193614285714283
1.173328571428571
1.9387071428571423
1.0896285714285718
1.1868214285714287
1.0437428571428569
1.449271428571429
-0.07104285714285714
1.5357357142857166
1.4964071428571424
1.0297285714285715
1.4559071428571453
-5.277057142857145
-4.053214285714286
-3.6972785714285723
-4.250828571428572
2.139457142857142
1.2351357142857158
1.3800357142857145
1.0933714285714278
1.0755642857142858
1.242499999999999
2.1077857142857113
2.490607142857144
-1.359857142857143
-1.0416642857142853
-0.5610142857142852
-5.250928571428566
-5.026278571428568
-5.287307142857146
-5.17462857142857
-5.218078571428567
-5.379792857142858
-4.995942857142853
-4.438564285714286
-4.330878571428579
-1.6130214285714297
-1.1772428571428553
-0.9067214285714293
-5.101649999999999
1.1524071428571445
0.9287428571428565
1.510742857142861
0.8469785714285718
1.0767000000000009
1.0542142857142862
-4.908742857142855
-4.800678571428568
-3.0930285714285666
0.06431428571428573
0.7899428571428566
1.484528571428574
1.3078642857142873
1.1899285714285714
0.8883142857142856
1.5623928571428554
1.0906214285714289
1.0514428571428582
1.2096071428571429
1.9189499999999997
1.305185714285716
0.9115285714285718
2.3566714285714276
-4.881664285714289
-3.912807142857144
-5.72024285714286
2.232471428571427
1.1591428571428581
1.7135571428571452
0.8744857142857142
1.2761071428571429
0.8265428571428578
1.284414285714285
1.1607214285714282
-5.370142857142852
-1.37475
-1.1061714285714286
-5.292228571428566
-5.285235714285709
-5.452657142857143
-5.366292857142859
-5.387742857142859
-5.2498928571428545
-4.935099999999998
-3.9311642857142854
-4.7416285714285715
-1.408964285714285
-0.8952857142857147
-0.752285714285714
2.337642857142856
0.9027928571428557
1.073835714285714
1.2961071428571422
1.350828571428573
1.4746071428571448
1.0302428571428575
1.5074571428571448
-0.10453571428571415
0.04084285714285708
2.1093285714285717
1.3619714285714284
1.1756928571428573
0.7954285714285706
1.1952785714285712
1.612878571428571
1.1985928571428577
1.5101571428571434
1.2479214285714293
1.1933357142857157
1.3970357142857146
1.3222071428571418
1.3927928571428592
0.9643928571428566
1.6141357142857171
-0.009135714285714285
1.3015857142857135
1.7402499999999994
1.377149999999999
1.1522428571428578
1.5218428571428584
1.2114285714285717
1.3272928571428564
1.457121428571431
0.8633999999999995
2.4568571428571446
-1.3017642857142873
-1.3393357142857154
-4.8720071428571385
-5.29313571428571
-5.099849999999999
-5.47707142857143
-5.120271428571426
-5.283671428571432
-5.1633571428571345
-5.281785714285707
-2.9460071428571424
-1.9414571428571405
-1.2696428571428573
-0.4669499999999999
0.8253357142857141
0.5780071428571425
1.8096785714285724
1.244142857142857
1.5944857142857123
1.6696928571428573
1.4493142857142882
1.7884071428571464
1.2899714285714272
1.7231214285714305
1.2892428571428554
1.6960142857142853
1.2239928571428573
1.0549785714285722
-5.256328571428572
-5.020978571428573
-5.5721714285714325
0.04212142857142857
1.7351000000000032
1.4383857142857124
1.394278571428571
1.8823785714285723
1.911621428571427
1.6237071428571461
1.3534285714285712
1.4358857142857158
1.407778571428573
1.6470500000000032
1.6443785714285735
1.7233142857142867
1.9038857142857146
1.4118785714285729
1.2077928571428593
1.7411714285714306
1.6341357142857174
1.2868000000000022
-1.2426714285714282
-0.9895428571428564
-5.414264285714282
-5.386592857142852
-5.28558571428572
-4.936042857142854
-5.253407142857142
-4.923285714285714
-5.6688428571428595
-4.585007142857145
-3.6101714285714315
-1.6454357142857148
-1.5667857142857138
-1.1061
0.4010142857142857
1.7806642857142867
-0.3480142857142853
-0.044978571428571444
0.2857500000000002
1.7985642857142885
1.558064285714284
1.8773214285714281
1.7556928571428587
1.3619071428571439
1.623871428571431
1.124264285714285
1.7225428571428567
1.563021428571427
1.9858214285714317
2.0871857142857144
2.180485714285712
1.8185357142857117
1.8686357142857102
1.4792642857142877
1.9076642857142865
1.9766142857142852
1.2434714285714286
1.5030142857142847
1.8480428571428587
1.4688000000000019
1.7485000000000004
1.7610428571428611
1.7751357142857127
1.1137142857142854
-0.10596428571428576
1.1219642857142875
1.7040785714285736
1.9085642857142857
2.135064285714286
1.3082428571428577
-5.069528571428571
-1.193042857142857
-5.063521428571424
-5.169914285714281
-5.237678571428562
-5.161571428571425
-4.662957142857143
-4.917535714285709
-4.432185714285715
-2.3381285714285704
-1.3614071428571428
-0.14799285714285687
-1.0454642857142855
-5.456807142857142
2.438421428571431
-0.014864285714285714
-0.03884285714285714
0.026471428571428552
0.5847857142857145
0.06431428571428568
1.5133785714285701
3.8339071428571416
1.516321428571427
1.6122714285714295
1.9189
1.486185714285716
1.6092071428571446
2.057335714285714
1.57692857142857
2.0392928571428564
1.2961928571428554
1.4539428571428543
1.775785714285715
2.018364285714285
1.6008928571428578
1.798492857142859
1.8017142857142856
1.4190071428571451
1.9783142857142857
2.079685714285715
1.8979857142857153
-0.07026428571428561
-0.19172142857142832
0.13105714285714298
-0.045564285714285724
-0.284057142857143
-0.08977857142857154
1.9416785714285714
2.2028500000000015
2.037292857142858
-2.6704857142857175
-1.163200000000001
-3.9064571428571426
-3.7979357142857175
-3.0458428571428606
-3.495599999999994
-3.0875500000000007
-1.8009928571428568
-2.200285714285714
-0.8468571428571422
-1.223292857142858
-0.7228785714285721
-0.5882499999999992
-5.010914285714282
-0.022678571428571444
-0.0303142857142857
-0.05470714285714284
0.16591428571428557
-0.08102857142857146
0.3773071428571428
1.5556500000000024
1.8938642857142851
1.1847214285714305
2.171292857142858
1.7730999999999992
1.9526928571428577
2.064250000000001
1.5700071428571412
1.7009928571428563
2.0660285714285727
1.6740642857142862
2.1247857142857143
1.6117285714285734
1.7514714285714312
2.4491357142857137
1.8045428571428574
1.6092142857142835
2.3608000000000007
2.0668357142857157
1.5910785714285742
1.95405
-0.04153571428571429
0.033971428571428555
-0.15398571428571417
0.18221428571428558
0.2821714285714287
-0.04620714285714287
0.09285714285714293
1.9575357142857155
2.111435714285715
1.859464285714285
-1.0643000000000005
-1.3337214285714296
-1.585914285714286
-2.2760285714285686
-1.411714285714287
-1.1552357142857146
-1.1434642857142847
-1.0933357142857159
-0.9842214285714294
-1.2121571428571438
-0.6809000000000006
0.05123571428571426
0.5402928571428574
-0.24900714285714304
0.10662857142857145
-0.002799999999999997
0.02877857142857144
0.08452142857142857
0.19145000000000023
1.942064285714287
2.052278571428571
2.141785714285714
1.9798428571428575
1.7795000000000014
1.9313642857142863
2.134335714285714
1.4034499999999988
1.985750000000002
-4.791957142857141
-4.450107142857138
-4.564142857142857
-4.652778571428574
0.27585714285714297
2.1655928571428587
1.7652428571428587
1.8289571428571427
2.0211500000000022
2.1010714285714283
1.901428571428573
2.0440428571428577
0.23393571428571427
0.13474999999999995
0.09375714285714282
0.08933571428571414
0.22740714285714295
0.4242928571428577
2.2061999999999995
4.003707142857142
1.8892000000000009
1.8576142857142888
-1.059800000000001
-1.1011214285714281
-0.35622857142857156
-0.8252714285714285
-0.06102857142857138
-0.9896857142857142
-0.8460571428571418
-0.09454999999999998
-0.139842857142857
0.031142857142857132
0.03664999999999999
-0.15174999999999983
-0.06360714285714286
0.16188571428571427
-0.21744285714285738
0.28810714285714295
-0.1107357142857143
-0.3106499999999997
-0.13746428571428568
2.067885714285715
1.9154357142857148
2.0422785714285703
1.950014285714285
1.9480499999999998
1.9338071428571433
2.017114285714285
2.242957142857144
-0.4138857142857138
-0.03467857142857145
0.08417857142857138
0.5691571428571429
-0.4407285714285711
-0.13614285714285707
2.1858571428571443
2.304449999999999
1.8221214285714291
1.741964285714289
2.0851642857142827
2.032050000000001
1.7780571428571428
0.6373285714285709
0.08614285714285713
-0.18184999999999998
0.2148642857142856
0.12312142857142845
0.24886428571428568
2.049542857142857
2.036128571428573
1.769792857142859
2.1059142857142863
-5.072449999999998
0.012700000000000022
0.17955714285714305
-0.2075499999999997
-0.08666428571428568
0.6779642857142848
0.0009285714285714256
-0.11794999999999999
0.21270000000000006
-0.03588571428571428
0.0007857142857142907
0.5049428571428582
-5.448007142857147
0.3112999999999999
1.730778571428571
0.009164285714285698
0.18239285714285716
1.8934285714285717
1.4968285714285736
1.9873785714285714
1.7307142857142888
2.2941428571428557
2.0158214285714298
1.763778571428569
2.190485714285716
2.143800000000001
-4.177692857142863
0.11652857142857155
-0.03916428571428573
0.07097857142857146
0.46312142857142913
-0.41964285714285676
-0.12689285714285709
2.060100000000001
1.5840857142857176
1.7173357142857155
2.2018857142857162
1.8728857142857152
2.046907142857144
2.1120000000000014
2.101021428571427
0.05334999999999994
-0.07102857142857144
0.05712857142857141
0.19361428571428582
2.1914357142857153
2.0554857142857124
2.1402857142857146
1.9288499999999986
1.997942857142858
-0.15974285714285702
0.026978571428571435
-0.05313571428571429
-0.17138571428571417
0.40377142857142845
0.23772857142857146
-0.405464285714286
0.2809428571428571
-0.02497142857142857
-0.28824285714285697
-0.06094285714285721
-0.14898571428571425
0.11029285714285704
0.12894285714285725
1.750121428571431
1.884835714285714
2.1939285714285726
2.230921428571429
2.0699571428571444
2.2304214285714274
1.3790714285714278
2.1342428571428576
2.0648571428571443
1.9626357142857151
2.224078571428571
1.9741642857142856
2.402642857142859
-0.5699928571428577
-0.0025999999999999955
-0.11984285714285721
0.040914285714285674
0.6764642857142852
-0.0641285714285714
2.424649999999999
2.0368857142857135
2.2797214285714302
1.993585714285715
1.8731142857142848
1.9517571428571439
1.88745
2.1285357142857153
1.9590214285714243
1.7143071428571446
1.877892857142859
2.054507142857144
2.0383214285714293
2.05267857142857
1.8726571428571435
1.9953428571428573
1.8206571428571439
1.9480142857142855
-0.05335714285714292
-0.05724999999999998
0.03241428571428572
0.07935000000000002
-0.0860714285714285
0.27440000000000003
0.021407142857142836
0.20214999999999989
-0.04917857142857144
0.03960714285714284
-0.054814285714285725
-0.0836571428571428
0.08289999999999997
2.2416285714285737
2.0821000000000014
1.8915214285714286
2.1325999999999974
1.8492071428571446
2.102164285714285
2.0652428571428576
2.245228571428573
1.9214785714285703
2.058764285714287
1.882935714285715
2.1210642857142865
2.1545357142857156
-4.4075285714285695
-0.011542857142857119
0.908557142857143
0.04530714285714286
0.03967142857142856
0.07409999999999997
2.1688071428571445
2.3359642857142857
2.2015142857142878
1.6210071428571442
1.806585714285714
2.1760500000000014
2.003885714285713
1.9597499999999992
2.019192857142856
1.75387142857143
2.0277928571428574
2.057478571428573
1.8917000000000006
2.044221428571429
2.0714428571428583
2.2025642857142875
1.8363714285714297
2.2475857142857145
0.10785000000000002
0.0443714285714286
-0.2488142857142858
-0.01192857142857142
-0.18514999999999993
0.0450642857142857
0.2971071428571428
-0.002699999999999998
-0.0444785714285714
0.17377142857142885
-0.03927857142857139
-0.3161642857142857
-5.378900000000002
1.6610714285714312
1.9924071428571426
2.2044500000000014
1.8448642857142858
2.091892857142857
1.6724714285714297
1.9205571428571449
1.8194928571428586
1.792578571428572
2.2474571428571437
2.070692857142859
1.9377857142857169
2.0601357142857144
1.962192857142858
2.5991428571428625
-3.717907142857144
-4.3966857142857165
-2.7994642857142855
-0.06967857142857148
1.9321214285714283
2.151692857142855
2.0261142857142853
2.1011714285714285
1.8243071428571462
2.1515714285714296
1.6882785714285733
2.0207428571428565
1.9353142857142858
2.3193142857142868
2.1808714285714306
2.052735714285714
2.050278571428571
2.058135714285715
1.8537214285714287
1.9821285714285726
4.003442857142854
2.1274285714285712
0.12422142857142845
0.03954285714285713
-0.001978571428571432
0.24818571428571434
0.03364285714285709
-0.16367142857142844
-0.021285714285714297
0.04131428571428567
0.11329999999999998
0.07562142857142858
0.03374285714285714
0.05676428571428572
-0.09852142857142857
2.2638714285714285
2.1252285714285697
2.270292857142859
2.0721214285714287
2.0264999999999995
2.0428357142857148
1.9375499999999983
1.930271428571429
2.2096928571428585
1.716335714285712
2.1358499999999996
2.049042857142856
1.8784499999999997
1.9926857142857126
1.8655857142857148
2.2028285714285736
1.9152428571428561
1.936171428571428
2.15372142857143
1.961071428571425
3.555778571428569
2.179442857142858
2.1377500000000005
1.5636214285714298
2.110457142857142
1.9608357142857162
2.1277428571428594
2.0211928571428572
2.4879500000000005
2.129642857142857
2.0715571428571438
1.9963428571428596
2.03802142857143
2.2991000000000015
1.9526714285714304
1.9371928571428578
2.2797642857142875
-0.020007142857142852
-0.1523714285714286
-0.18452857142857151
-0.2605214285714282
0.10067857142857133
0.3774428571428571
-0.03279285714285718
-0.022400000000000007
-0.15072857142857132
0.3645642857142862
-0.015364285714285723
-0.05087857142857144
0.47249285714285716
-5.285492857142857
2.08055
1.9204071428571448
2.155614285714289
1.9899499999999997
1.9794714285714303
2.319714285714286
1.996907142857143
2.562350000000004
2.208500000000001
1.925785714285713
1.9434642857142852
2.1662071428571443
2.0410857142857135
2.1575428571428574
1.9492500000000006
1.8663642857142873
1.6830071428571445
2.0002071428571413
2.0472999999999995
2.0707071428571444
2.171985714285713
2.08992142857143
2.201964285714288
2.101864285714287
1.9580714285714265
1.8359571428571428
2.1327571428571446
1.788492857142857
2.2671142857142854
2.180178571428572
1.962728571428574
2.190178571428571
2.1327071428571434
2.1869
1.9395571428571425
2.150785714285713
0.09371428571428583
-0.2848357142857143
-0.19702857142857133
-0.03965
-0.10044285714285725
-0.06997142857142856
-0.01010714285714286
0.05254285714285712
-0.10252857142857146
0.07239999999999999
0.13977142857142863
-0.07238571428571432
0.017178571428571425
0.0689071428571429
0.17310714285714301
1.748185714285717
2.357757142857145
2.4540571428571427
1.9572857142857165
2.37202857142857
2.2355142857142853
2.060114285714285
2.0713000000000004
2.0070071428571428
2.081149999999999
2.0885071428571416
2.154935714285714
1.9379714285714291
2.1413499999999996
2.2700214285714306
2.0282928571428576
2.3220928571428576
2.254828571428573
2.1712214285714304
2.0742071428571442
2.3199785714285683
2.057585714285716
1.9976571428571444
2.0864785714285694
2.0324857142857167
2.1531142857142873
1.7290357142857158
2.020200000000002
2.038192857142858
2.0889928571428587
1.941828571428572
2.132921428571429
2.143021428571428
2.144585714285715
2.2437928571428576
0.03358571428571423
0.06931428571428577
0.181942857142857
-0.36150714285714225
0.12026428571428568
0.05310714285714289
-0.22002142857142826
0.13192857142857142
0.07302857142857137
0.10848571428571423
0.14971428571428566
0.13986428571428577
-0.09855714285714287
-0.07103571428571424
-3.465857142857146
2.615399999999997
2.515371428571427
2.229885714285715
1.6218714285714302
1.635785714285715
2.107564285714286
2.4073214285714255
2.2028928571428543
2.1262
2.4100357142857134
2.19827142857143
2.2986142857142853
2.9870714285714253
2.042828571428572
2.1014642857142847
3.275899999999998
2.134585714285716
2.0526785714285722
2.39055
1.9869785714285713
2.0061642857142843
2.0258357142857113
2.0649499999999987
2.078878571428571
2.242071428571428
2.261971428571428
2.1638142857142846
1.7330857142857155
2.2927714285714305
2.044792857142859
2.129528571428572
2.40692857142857
2.2706
1.9469642857142873
2.117121428571429
-0.722764285714286
-1.0528214285714288
-0.0812357142857143
0.1657214285714284
0.003042857142857147
-0.06226428571428573
0.0015500000000000082
0.18427142857142864
0.021821428571428565
-0.09666428571428569
-0.09125714285714294
-0.6395785714285718
-0.8441071428571434
-0.8880642857142865
-0.0676214285714286
2.3081428571428573
1.9741071428571428
2.1115857142857157
2.2427642857142858
1.6677642857142845
2.372478571428568
2.3187500000000023
2.1808785714285723
2.343864285714286
2.260714285714284
2.1866571428571455
2.070414285714286
2.175371428571431
2.20102142857143
2.106250000000002
2.0845571428571383
2.0650785714285704
2.19302142857143
2.202385714285714
2.575521428571427
2.422735714285713
1.9518642857142834
2.1882785714285693
2.6027571428571408
2.2883928571428562
2.1217642857142867
2.230235714285716
2.1158142857142863
2.057714285714285
2.1444999999999994
2.2634999999999996
1.9703142857142841
2.1124928571428567
2.0677857142857157
1.9941785714285714
-0.4371571428571435
-0.7478214285714286
-1.3124071428571442
-0.44072142857142815
-0.4943214285714281
-2.0429142857142835
-1.2678071428571434
-0.9762999999999995
-0.5675857142857144
-0.626378571428571
-0.9638571428571429
-1.110392857142857
-0.6381714285714283
-0.7137928571428576
0.11225000000000013
2.433928571428572
2.131221428571427
2.150728571428572
2.12675714285714
1.720957142857142
1.933328571428573
2.0011642857142853
2.175064285714286
2.0013642857142857
2.1838428571428583
2.3417928571428592
2.5254857142857166
1.9621142857142844
2.1691214285714286
2.1872285714285735
2.110428571428571
2.2381928571428555
2.0802285714285715
2.6352571428571436
2.347607142857144
2.1510428571428553
2.4975642857142875
2.204550000000001
2.2369499999999993
2.131885714285714
2.332050000000001
2.0391357142857127
2.095292857142859
2.2756785714285734
2.245564285714287
2.621342857142859
2.451978571428571
2.171085714285714
2.1642785714285715
2.674585714285717
